input:
[[  9.   1.   5.   9.   7.   3.]
 [ 10.   3.   6.   9.   8.   2.]
 [  8.   2.   5.   9.   6.   2.]
 [  7.   6.   6.   9.   7.   2.]
 [  8.   1.   5.   9.   6.   3.]
 [  9.   5.   6.  10.   8.   4.]
 [ 10.   4.   5.   2.   8.   1.]] 

S:
[ 41.05246766   6.85360683   4.67196228   1.62014314   0.38718274
   0.34780264] 
U:
[[ 0.37747692 -0.19173099  0.42807473  0.17840206 -0.31498287  0.55985538]
 [ 0.41695947  0.04142699  0.13857236 -0.42781955 -0.35998894  0.10543749]
 [ 0.35374279 -0.21871759  0.13090735 -0.4064614  -0.09929588 -0.67368621]
 [ 0.37983461 -0.03175934 -0.72645362 -0.31693157  0.23468815  0.35732995]
 [ 0.3526357  -0.29334655  0.32069805  0.13834993  0.78295371 -0.00368815]
 [ 0.4340789  -0.09246733 -0.35316788  0.70437    -0.25922085 -0.2987234 ]
 [ 0.31854552  0.90447476  0.1584403   0.06487563  0.16138026 -0.06824829]] 
V:
[[ 0.55950162  0.20490999  0.35070346  0.53355443  0.460292    0.15946113]
 [ 0.37679733  0.31614583  0.07391656 -0.78248987  0.3196358  -0.19533174]
 [ 0.46489637 -0.86997208 -0.09753685 -0.1259972   0.03676343  0.01672293]
 [-0.02956657  0.06180382 -0.22618745 -0.20781737  0.09445676  0.94447615]
 [-0.10807035 -0.13699803  0.88626637 -0.20424619 -0.31703174  0.20459378]
 [-0.56240527 -0.28039991  0.15937734 -0.04742801  0.75840719 -0.04737283]]
